1.76994	5.75891
8.64791	9.24082
1.76994	5.75891
5.64918	7.51801
8.78213	9.29436
1.76992	5.75873
1.76992	5.75857
1.71401	5.95265
1.80198	6.12604
1.76993	5.75891
8.63115	9.20834
6.67679	7.75686
1.76994	5.75891
3.57338	7.12504
8.44963	8.70368
8.63118	9.20835
1.76992	5.75873
3.78117	7.31977
5.5295	7.10341
8.63115	9.20833
1.76992	5.75873
1.76994	5.75891
1.71781	5.95473
1.76993	5.75891
1.76992	5.7586
3.7812	7.31992
2.29651	7.01113
1.802	6.12623
1.76992	5.75873
5.58162	7.47925
8.51461	8.88457
8.97205	9.05405
1.80201	6.12623
8.63115	9.20834
1.80198	6.12604
1.76993	5.75891
3.66164	7.29789
1.80198	6.12604
7.46461	8.14176
1.802	6.12623
1.802	6.12623
3.78123	7.31992
1.56623	5.48535
7.94865	8.78788
1.70167	5.71142
1.76992	5.75863
8.66346	9.27073
1.802	6.12623
5.07876	7.84549
1.802	6.12623
1.80198	6.12593
3.78117	7.31983
3.78122	7.31992
1.80198	6.12604
1.76992	5.75873
1.76994	5.75891
1.80198	6.12593
5.63142	7.77572
1.68623	5.62422
1.76994	5.75891
8.63117	9.20835
1.80201	6.12623
1.69803	5.70928
1.76992	5.75873
1.64117	5.58032
2.21418	6.82136
2.12777	6.70365
1.76992	5.75873
1.76993	5.75891
5.12457	7.88207
1.80201	6.12623
1.68674	5.62694
3.78117	7.31983
1.76994	5.75891
1.76994	5.75891
3.78117	7.31983
3.78117	7.31977
3.78117	7.31983
5.73344	7.77656
3.45754	7.17531
5.07213	7.38236
6.30773	7.91385
3.7812	7.31992
1.76994	5.75891
2.33972	6.78386
1.80201	6.12623
3.78123	7.31992
1.76992	5.75863
1.69803	5.70928
1.80198	6.12593
1.80201	6.12623
1.76993	5.75891
7.27326	8.36975
5.35099	7.06487
1.70125	5.70977
5.84659	7.96074
8.59892	8.81308
1.70125	5.70977
1.60924	5.63733
1.76992	5.75863
4.56071	6.94915
5.56164	7.6232
3.78123	7.31992
1.76994	5.75891
5.10915	7.85615
1.76993	5.75891
2.19112	7.10889
1.59066	5.56213
4.64013	7.84498
1.71783	5.9552
1.76993	5.75891
5.10317	7.69938
3.37575	6.91981
1.70167	5.7114
1.76993	5.75891
1.70251	5.836
1.802	6.12623
1.66573	5.8446
1.80198	6.12604
4.4328	6.8452
1.67677	5.59945
1.76993	5.75891
1.71782	5.95508
1.76992	5.75873
7.74658	8.27295
7.71747	8.27653
1.76993	5.75891
1.76993	5.75891
1.659	5.67161
3.45363	7.00326
1.76992	5.75873
5.1812	7.42379
3.38243	6.92413
1.76992	5.75863
1.76992	5.7586
2.20555	7.11838
1.76994	5.75891
8.63116	9.20835
1.802	6.12623
1.76992	5.75873
1.76993	5.75891
1.57344	5.50501
1.76992	5.75863
7.85937	8.47399
1.80198	6.12593
8.62804	8.90396
1.714	5.95282
1.80201	6.12623
1.76992	5.75863
5.79535	8.22353
2.38071	7.18197
1.76994	5.75891
1.70167	5.70983
1.70175	5.71153
1.61151	5.52101
5.60329	7.47286
1.76993	5.75891
3.78129	7.31983
1.67402	5.59666
1.76993	5.75891
1.76992	5.75789
1.76992	5.75873
1.76992	5.75863
